  64
   1   1
     8.320325643629999    -0.000000000000000    -0.000000000000000
    -0.000000000000000     8.320325643629999    -0.000000000000000
    -0.000000000000000    -0.000000000000000     8.320325643629999
   1   2
    -0.869131223840000     0.649480505080000     0.649480505080000
     0.649480505080000    -0.869131223840000    -0.649480505080000
     0.649480505080000    -0.649480505080000    -0.869131223840000
   1   3
     0.123444208800000    -0.061846084740000    -0.061846084740000
    -0.061846084740000     0.123444208800000     0.061846084740000
    -0.061846084740000     0.061846084740000     0.123444208800000
   1   4
    -0.869131223840000     0.649480505080000     0.649480505080000
     0.649480505080000    -0.869131223840000    -0.649480505080000
     0.649480505080000    -0.649480505080000    -0.869131223840000
   1   5
    -0.869131223840000     0.649480505080000    -0.649480505080000
     0.649480505080000    -0.869131223840000     0.649480505080000
    -0.649480505080000     0.649480505080000    -0.869131223840000
   1   6
    -0.040260660770000    -0.000000000000000    -0.000000000000000
    -0.000000000000000    -0.040260660770000    -0.000000000000000
    -0.000000000000000    -0.000000000000000    -0.633948895910000
   1   7
     0.006349803900000    -0.001077847100000     0.031669716760000
    -0.001077847100000     0.006349803900000    -0.031669716760000
     0.031669716760000    -0.031669716760000    -0.050675009330000
   1   8
    -0.072625114210000     0.039785402800000    -0.000000000000000
     0.039785402800000    -0.072625114210000    -0.000000000000000
    -0.000000000000000    -0.000000000000000     0.097360308980000
   1   9
     0.123444208800000    -0.061846084740000     0.061846084740000
    -0.061846084740000     0.123444208800000    -0.061846084740000
     0.061846084740000    -0.061846084740000     0.123444208800000
   1  10
     0.006349803900000    -0.001077847100000    -0.031669716760000
    -0.001077847100000     0.006349803900000     0.031669716760000
    -0.031669716760000     0.031669716760000    -0.050675009330000
   1  11
    -0.018825465230000    -0.000000000000000    -0.000000000000000
    -0.000000000000000    -0.018825465230000    -0.000000000000000
    -0.000000000000000    -0.000000000000000    -0.005495903270000
   1  12
     0.006349803900000    -0.001077847100000    -0.031669716760000
    -0.001077847100000     0.006349803900000     0.031669716760000
    -0.031669716760000     0.031669716760000    -0.050675009330000
   1  13
    -0.869131223840000     0.649480505080000    -0.649480505080000
     0.649480505080000    -0.869131223840000     0.649480505080000
    -0.649480505080000     0.649480505080000    -0.869131223840000
   1  14
    -0.072625114210000     0.039785402800000    -0.000000000000000
     0.039785402800000    -0.072625114210000    -0.000000000000000
    -0.000000000000000    -0.000000000000000     0.097360308980000
   1  15
     0.006349803900000    -0.001077847100000     0.031669716760000
    -0.001077847100000     0.006349803900000    -0.031669716760000
     0.031669716760000    -0.031669716760000    -0.050675009330000
   1  16
    -0.040260660770000    -0.000000000000000    -0.000000000000000
    -0.000000000000000    -0.040260660770000    -0.000000000000000
    -0.000000000000000    -0.000000000000000    -0.633948895910000
   1  17
    -0.869131223840000    -0.649480505080000     0.649480505080000
    -0.649480505080000    -0.869131223840000     0.649480505080000
     0.649480505080000     0.649480505080000    -0.869131223840000
   1  18
    -0.040260660770000    -0.000000000000000    -0.000000000000000
    -0.000000000000000    -0.633948895910000    -0.000000000000000
    -0.000000000000000    -0.000000000000000    -0.040260660770000
   1  19
     0.006349803900000     0.031669716760000    -0.001077847100000
     0.031669716760000    -0.050675009330000    -0.031669716760000
    -0.001077847100000    -0.031669716760000     0.006349803900000
   1  20
    -0.072625114210000    -0.000000000000000     0.039785402800000
    -0.000000000000000     0.097360308980000    -0.000000000000000
     0.039785402800000    -0.000000000000000    -0.072625114210000
   1  21
    -0.633948895910000    -0.000000000000000    -0.000000000000000
    -0.000000000000000    -0.040260660770000    -0.000000000000000
    -0.000000000000000    -0.000000000000000    -0.040260660770000
   1  22
    -0.869131223840000    -0.649480505080000    -0.649480505080000
    -0.649480505080000    -0.869131223840000    -0.649480505080000
    -0.649480505080000    -0.649480505080000    -0.869131223840000
   1  23
     0.097360308980000    -0.000000000000000    -0.000000000000000
    -0.000000000000000    -0.072625114210000    -0.039785402800000
    -0.000000000000000    -0.039785402800000    -0.072625114210000
   1  24
    -0.050675009330000     0.031669716760000     0.031669716760000
     0.031669716760000     0.006349803900000     0.001077847100000
     0.031669716760000     0.001077847100000     0.006349803900000
   1  25
    -0.050675009330000     0.031669716760000    -0.031669716760000
     0.031669716760000     0.006349803900000    -0.001077847100000
    -0.031669716760000    -0.001077847100000     0.006349803900000
   1  26
    -0.072625114210000    -0.000000000000000    -0.039785402800000
    -0.000000000000000     0.097360308980000    -0.000000000000000
    -0.039785402800000    -0.000000000000000    -0.072625114210000
   1  27
     0.006349803900000     0.001077847100000    -0.031669716760000
     0.001077847100000     0.006349803900000    -0.031669716760000
    -0.031669716760000    -0.031669716760000    -0.050675009330000
   1  28
     0.014234841830000    -0.000000000000000    -0.000000000000000
    -0.000000000000000     0.024727376190000    -0.000000000000000
    -0.000000000000000    -0.000000000000000     0.014234841830000
   1  29
     0.097360308980000    -0.000000000000000    -0.000000000000000
    -0.000000000000000    -0.072625114210000     0.039785402800000
    -0.000000000000000     0.039785402800000    -0.072625114210000
   1  30
     0.006349803900000     0.031669716760000     0.001077847100000
     0.031669716760000    -0.050675009330000     0.031669716760000
     0.001077847100000     0.031669716760000     0.006349803900000
   1  31
     0.024727376190000    -0.000000000000000    -0.000000000000000
    -0.000000000000000     0.014234841830000    -0.000000000000000
    -0.000000000000000    -0.000000000000000     0.014234841830000
   1  32
     0.006349803900000     0.001077847100000     0.031669716760000
     0.001077847100000     0.006349803900000     0.031669716760000
     0.031669716760000     0.031669716760000    -0.050675009330000
   1  33
     0.123444208800000     0.061846084740000    -0.061846084740000
     0.061846084740000     0.123444208800000    -0.061846084740000
    -0.061846084740000    -0.061846084740000     0.123444208800000
   1  34
     0.006349803900000    -0.031669716760000    -0.001077847100000
    -0.031669716760000    -0.050675009330000     0.031669716760000
    -0.001077847100000     0.031669716760000     0.006349803900000
   1  35
    -0.018825465230000    -0.000000000000000    -0.000000000000000
    -0.000000000000000    -0.005495903270000    -0.000000000000000
    -0.000000000000000    -0.000000000000000    -0.018825465230000
   1  36
     0.006349803900000    -0.031669716760000    -0.001077847100000
    -0.031669716760000    -0.050675009330000     0.031669716760000
    -0.001077847100000     0.031669716760000     0.006349803900000
   1  37
    -0.050675009330000    -0.031669716760000     0.031669716760000
    -0.031669716760000     0.006349803900000    -0.001077847100000
     0.031669716760000    -0.001077847100000     0.006349803900000
   1  38
    -0.072625114210000    -0.039785402800000    -0.000000000000000
    -0.039785402800000    -0.072625114210000    -0.000000000000000
    -0.000000000000000    -0.000000000000000     0.097360308980000
   1  39
     0.006349803900000    -0.031669716760000     0.001077847100000
    -0.031669716760000    -0.050675009330000    -0.031669716760000
     0.001077847100000    -0.031669716760000     0.006349803900000
   1  40
     0.014234841830000    -0.000000000000000    -0.000000000000000
    -0.000000000000000     0.014234841830000    -0.000000000000000
    -0.000000000000000    -0.000000000000000     0.024727376190000
   1  41
    -0.005495903270000    -0.000000000000000    -0.000000000000000
    -0.000000000000000    -0.018825465230000    -0.000000000000000
    -0.000000000000000    -0.000000000000000    -0.018825465230000
   1  42
    -0.050675009330000    -0.031669716760000    -0.031669716760000
    -0.031669716760000     0.006349803900000     0.001077847100000
    -0.031669716760000     0.001077847100000     0.006349803900000
   1  43
     0.123444208800000     0.061846084740000     0.061846084740000
     0.061846084740000     0.123444208800000     0.061846084740000
     0.061846084740000     0.061846084740000     0.123444208800000
   1  44
    -0.050675009330000    -0.031669716760000    -0.031669716760000
    -0.031669716760000     0.006349803900000     0.001077847100000
    -0.031669716760000     0.001077847100000     0.006349803900000
   1  45
    -0.050675009330000    -0.031669716760000     0.031669716760000
    -0.031669716760000     0.006349803900000    -0.001077847100000
     0.031669716760000    -0.001077847100000     0.006349803900000
   1  46
     0.014234841830000    -0.000000000000000    -0.000000000000000
    -0.000000000000000     0.014234841830000    -0.000000000000000
    -0.000000000000000    -0.000000000000000     0.024727376190000
   1  47
     0.006349803900000    -0.031669716760000     0.001077847100000
    -0.031669716760000    -0.050675009330000    -0.031669716760000
     0.001077847100000    -0.031669716760000     0.006349803900000
   1  48
    -0.072625114210000    -0.039785402800000    -0.000000000000000
    -0.039785402800000    -0.072625114210000    -0.000000000000000
    -0.000000000000000    -0.000000000000000     0.097360308980000
   1  49
    -0.869131223840000    -0.649480505080000     0.649480505080000
    -0.649480505080000    -0.869131223840000     0.649480505080000
     0.649480505080000     0.649480505080000    -0.869131223840000
   1  50
    -0.072625114210000    -0.000000000000000     0.039785402800000
    -0.000000000000000     0.097360308980000    -0.000000000000000
     0.039785402800000    -0.000000000000000    -0.072625114210000
   1  51
     0.006349803900000     0.031669716760000    -0.001077847100000
     0.031669716760000    -0.050675009330000    -0.031669716760000
    -0.001077847100000    -0.031669716760000     0.006349803900000
   1  52
    -0.040260660770000    -0.000000000000000    -0.000000000000000
    -0.000000000000000    -0.633948895910000    -0.000000000000000
    -0.000000000000000    -0.000000000000000    -0.040260660770000
   1  53
     0.097360308980000    -0.000000000000000    -0.000000000000000
    -0.000000000000000    -0.072625114210000     0.039785402800000
    -0.000000000000000     0.039785402800000    -0.072625114210000
   1  54
     0.006349803900000     0.001077847100000     0.031669716760000
     0.001077847100000     0.006349803900000     0.031669716760000
     0.031669716760000     0.031669716760000    -0.050675009330000
   1  55
     0.024727376190000    -0.000000000000000    -0.000000000000000
    -0.000000000000000     0.014234841830000    -0.000000000000000
    -0.000000000000000    -0.000000000000000     0.014234841830000
   1  56
     0.006349803900000     0.031669716760000     0.001077847100000
     0.031669716760000    -0.050675009330000     0.031669716760000
     0.001077847100000     0.031669716760000     0.006349803900000
   1  57
    -0.050675009330000     0.031669716760000    -0.031669716760000
     0.031669716760000     0.006349803900000    -0.001077847100000
    -0.031669716760000    -0.001077847100000     0.006349803900000
   1  58
     0.014234841830000    -0.000000000000000    -0.000000000000000
    -0.000000000000000     0.024727376190000    -0.000000000000000
    -0.000000000000000    -0.000000000000000     0.014234841830000
   1  59
     0.006349803900000     0.001077847100000    -0.031669716760000
     0.001077847100000     0.006349803900000    -0.031669716760000
    -0.031669716760000    -0.031669716760000    -0.050675009330000
   1  60
    -0.072625114210000    -0.000000000000000    -0.039785402800000
    -0.000000000000000     0.097360308980000    -0.000000000000000
    -0.039785402800000    -0.000000000000000    -0.072625114210000
   1  61
    -0.633948895910000    -0.000000000000000    -0.000000000000000
    -0.000000000000000    -0.040260660770000    -0.000000000000000
    -0.000000000000000    -0.000000000000000    -0.040260660770000
   1  62
    -0.050675009330000     0.031669716760000     0.031669716760000
     0.031669716760000     0.006349803900000     0.001077847100000
     0.031669716760000     0.001077847100000     0.006349803900000
   1  63
     0.097360308980000    -0.000000000000000    -0.000000000000000
    -0.000000000000000    -0.072625114210000    -0.039785402800000
    -0.000000000000000    -0.039785402800000    -0.072625114210000
   1  64
    -0.869131223840000    -0.649480505080000    -0.649480505080000
    -0.649480505080000    -0.869131223840000    -0.649480505080000
    -0.649480505080000    -0.649480505080000    -0.869131223840000
   2   1
    -0.869131223840000     0.649480505080000     0.649480505080000
     0.649480505080000    -0.869131223840000    -0.649480505080000
     0.649480505080000    -0.649480505080000    -0.869131223840000
   2   2
     8.320325643629999    -0.000000000000000    -0.000000000000000
    -0.000000000000000     8.320325643629999    -0.000000000000000
    -0.000000000000000    -0.000000000000000     8.320325643629999
   2   3
    -0.869131223840000     0.649480505080000     0.649480505080000
     0.649480505080000    -0.869131223840000    -0.649480505080000
     0.649480505080000    -0.649480505080000    -0.869131223840000
   2   4
     0.123444208800000    -0.061846084740000    -0.061846084740000
    -0.061846084740000     0.123444208800000     0.061846084740000
    -0.061846084740000     0.061846084740000     0.123444208800000
   2   5
    -0.072625114210000     0.039785402800000    -0.000000000000000
     0.039785402800000    -0.072625114210000    -0.000000000000000
    -0.000000000000000    -0.000000000000000     0.097360308980000
   2   6
    -0.869131223840000     0.649480505080000    -0.649480505080000
     0.649480505080000    -0.869131223840000     0.649480505080000
    -0.649480505080000     0.649480505080000    -0.869131223840000
   2   7
    -0.040260660770000    -0.000000000000000    -0.000000000000000
    -0.000000000000000    -0.040260660770000    -0.000000000000000
    -0.000000000000000    -0.000000000000000    -0.633948895910000
   2   8
     0.006349803900000    -0.001077847100000     0.031669716760000
    -0.001077847100000     0.006349803900000    -0.031669716760000
     0.031669716760000    -0.031669716760000    -0.050675009330000
   2   9
     0.006349803900000    -0.001077847100000    -0.031669716760000
    -0.001077847100000     0.006349803900000     0.031669716760000
    -0.031669716760000     0.031669716760000    -0.050675009330000
   2  10
     0.123444208800000    -0.061846084740000     0.061846084740000
    -0.061846084740000     0.123444208800000    -0.061846084740000
     0.061846084740000    -0.061846084740000     0.123444208800000
   2  11
     0.006349803900000    -0.001077847100000    -0.031669716760000
    -0.001077847100000     0.006349803900000     0.031669716760000
    -0.031669716760000     0.031669716760000    -0.050675009330000
   2  12
    -0.018825465230000    -0.000000000000000    -0.000000000000000
    -0.000000000000000    -0.018825465230000    -0.000000000000000
    -0.000000000000000    -0.000000000000000    -0.005495903270000
   2  13
    -0.040260660770000    -0.000000000000000    -0.000000000000000
    -0.000000000000000    -0.040260660770000    -0.000000000000000
    -0.000000000000000    -0.000000000000000    -0.633948895910000
   2  14
    -0.869131223840000     0.649480505080000    -0.649480505080000
     0.649480505080000    -0.869131223840000     0.649480505080000
    -0.649480505080000     0.649480505080000    -0.869131223840000
   2  15
    -0.072625114210000     0.039785402800000    -0.000000000000000
     0.039785402800000    -0.072625114210000    -0.000000000000000
    -0.000000000000000    -0.000000000000000     0.097360308980000
   2  16
     0.006349803900000    -0.001077847100000     0.031669716760000
    -0.001077847100000     0.006349803900000    -0.031669716760000
     0.031669716760000    -0.031669716760000    -0.050675009330000
   2  17
    -0.072625114210000    -0.000000000000000     0.039785402800000
    -0.000000000000000     0.097360308980000    -0.000000000000000
     0.039785402800000    -0.000000000000000    -0.072625114210000
   2  18
    -0.869131223840000    -0.649480505080000     0.649480505080000
    -0.649480505080000    -0.869131223840000     0.649480505080000
     0.649480505080000     0.649480505080000    -0.869131223840000
   2  19
    -0.040260660770000    -0.000000000000000    -0.000000000000000
    -0.000000000000000    -0.633948895910000    -0.000000000000000
    -0.000000000000000    -0.000000000000000    -0.040260660770000
   2  20
     0.006349803900000     0.031669716760000    -0.001077847100000
     0.031669716760000    -0.050675009330000    -0.031669716760000
    -0.001077847100000    -0.031669716760000     0.006349803900000
   2  21
    -0.050675009330000     0.031669716760000     0.031669716760000
     0.031669716760000     0.006349803900000     0.001077847100000
     0.031669716760000     0.001077847100000     0.006349803900000
   2  22
    -0.633948895910000    -0.000000000000000    -0.000000000000000
    -0.000000000000000    -0.040260660770000    -0.000000000000000
    -0.000000000000000    -0.000000000000000    -0.040260660770000
   2  23
    -0.869131223840000    -0.649480505080000    -0.649480505080000
    -0.649480505080000    -0.869131223840000    -0.649480505080000
    -0.649480505080000    -0.649480505080000    -0.869131223840000
   2  24
     0.097360308980000    -0.000000000000000    -0.000000000000000
    -0.000000000000000    -0.072625114210000    -0.039785402800000
    -0.000000000000000    -0.039785402800000    -0.072625114210000
   2  25
     0.014234841830000    -0.000000000000000    -0.000000000000000
    -0.000000000000000     0.024727376190000    -0.000000000000000
    -0.000000000000000    -0.000000000000000     0.014234841830000
   2  26
    -0.050675009330000     0.031669716760000    -0.031669716760000
     0.031669716760000     0.006349803900000    -0.001077847100000
    -0.031669716760000    -0.001077847100000     0.006349803900000
   2  27
    -0.072625114210000    -0.000000000000000    -0.039785402800000
    -0.000000000000000     0.097360308980000    -0.000000000000000
    -0.039785402800000    -0.000000000000000    -0.072625114210000
   2  28
     0.006349803900000     0.001077847100000    -0.031669716760000
     0.001077847100000     0.006349803900000    -0.031669716760000
    -0.031669716760000    -0.031669716760000    -0.050675009330000
   2  29
     0.006349803900000     0.001077847100000     0.031669716760000
     0.001077847100000     0.006349803900000     0.031669716760000
     0.031669716760000     0.031669716760000    -0.050675009330000
   2  30
     0.097360308980000    -0.000000000000000    -0.000000000000000
    -0.000000000000000    -0.072625114210000     0.039785402800000
    -0.000000000000000     0.039785402800000    -0.072625114210000
   2  31
     0.006349803900000     0.031669716760000     0.001077847100000
     0.031669716760000    -0.050675009330000     0.031669716760000
     0.001077847100000     0.031669716760000     0.006349803900000
   2  32
     0.024727376190000    -0.000000000000000    -0.000000000000000
    -0.000000000000000     0.014234841830000    -0.000000000000000
    -0.000000000000000    -0.000000000000000     0.014234841830000
   2  33
     0.006349803900000    -0.031669716760000    -0.001077847100000
    -0.031669716760000    -0.050675009330000     0.031669716760000
    -0.001077847100000     0.031669716760000     0.006349803900000
   2  34
     0.123444208800000     0.061846084740000    -0.061846084740000
     0.061846084740000     0.123444208800000    -0.061846084740000
    -0.061846084740000    -0.061846084740000     0.123444208800000
   2  35
     0.006349803900000    -0.031669716760000    -0.001077847100000
    -0.031669716760000    -0.050675009330000     0.031669716760000
    -0.001077847100000     0.031669716760000     0.006349803900000
   2  36
    -0.018825465230000    -0.000000000000000    -0.000000000000000
    -0.000000000000000    -0.005495903270000    -0.000000000000000
    -0.000000000000000    -0.000000000000000    -0.018825465230000
   2  37
     0.014234841830000    -0.000000000000000    -0.000000000000000
    -0.000000000000000     0.014234841830000    -0.000000000000000
    -0.000000000000000    -0.000000000000000     0.024727376190000
   2  38
    -0.050675009330000    -0.031669716760000     0.031669716760000
    -0.031669716760000     0.006349803900000    -0.001077847100000
     0.031669716760000    -0.001077847100000     0.006349803900000
   2  39
    -0.072625114210000    -0.039785402800000    -0.000000000000000
    -0.039785402800000    -0.072625114210000    -0.000000000000000
    -0.000000000000000    -0.000000000000000     0.097360308980000
   2  40
     0.006349803900000    -0.031669716760000     0.001077847100000
    -0.031669716760000    -0.050675009330000    -0.031669716760000
     0.001077847100000    -0.031669716760000     0.006349803900000
   2  41
    -0.050675009330000    -0.031669716760000    -0.031669716760000
    -0.031669716760000     0.006349803900000     0.001077847100000
    -0.031669716760000     0.001077847100000     0.006349803900000
   2  42
    -0.005495903270000    -0.000000000000000    -0.000000000000000
    -0.000000000000000    -0.018825465230000    -0.000000000000000
    -0.000000000000000    -0.000000000000000    -0.018825465230000
   2  43
    -0.050675009330000    -0.031669716760000    -0.031669716760000
    -0.031669716760000     0.006349803900000     0.001077847100000
    -0.031669716760000     0.001077847100000     0.006349803900000
   2  44
     0.123444208800000     0.061846084740000     0.061846084740000
     0.061846084740000     0.123444208800000     0.061846084740000
     0.061846084740000     0.061846084740000     0.123444208800000
   2  45
    -0.072625114210000    -0.039785402800000    -0.000000000000000
    -0.039785402800000    -0.072625114210000    -0.000000000000000
    -0.000000000000000    -0.000000000000000     0.097360308980000
   2  46
    -0.050675009330000    -0.031669716760000     0.031669716760000
    -0.031669716760000     0.006349803900000    -0.001077847100000
     0.031669716760000    -0.001077847100000     0.006349803900000
   2  47
     0.014234841830000    -0.000000000000000    -0.000000000000000
    -0.000000000000000     0.014234841830000    -0.000000000000000
    -0.000000000000000    -0.000000000000000     0.024727376190000
   2  48
     0.006349803900000    -0.031669716760000     0.001077847100000
    -0.031669716760000    -0.050675009330000    -0.031669716760000
     0.001077847100000    -0.031669716760000     0.006349803900000
   2  49
    -0.040260660770000    -0.000000000000000    -0.000000000000000
    -0.000000000000000    -0.633948895910000    -0.000000000000000
    -0.000000000000000    -0.000000000000000    -0.040260660770000
   2  50
    -0.869131223840000    -0.649480505080000     0.649480505080000
    -0.649480505080000    -0.869131223840000     0.649480505080000
     0.649480505080000     0.649480505080000    -0.869131223840000
   2  51
    -0.072625114210000    -0.000000000000000     0.039785402800000
    -0.000000000000000     0.097360308980000    -0.000000000000000
     0.039785402800000    -0.000000000000000    -0.072625114210000
   2  52
     0.006349803900000     0.031669716760000    -0.001077847100000
     0.031669716760000    -0.050675009330000    -0.031669716760000
    -0.001077847100000    -0.031669716760000     0.006349803900000
   2  53
     0.006349803900000     0.031669716760000     0.001077847100000
     0.031669716760000    -0.050675009330000     0.031669716760000
     0.001077847100000     0.031669716760000     0.006349803900000
   2  54
     0.097360308980000    -0.000000000000000    -0.000000000000000
    -0.000000000000000    -0.072625114210000     0.039785402800000
    -0.000000000000000     0.039785402800000    -0.072625114210000
   2  55
     0.006349803900000     0.001077847100000     0.031669716760000
     0.001077847100000     0.006349803900000     0.031669716760000
     0.031669716760000     0.031669716760000    -0.050675009330000
   2  56
     0.024727376190000    -0.000000000000000    -0.000000000000000
    -0.000000000000000     0.014234841830000    -0.000000000000000
    -0.000000000000000    -0.000000000000000     0.014234841830000
   2  57
    -0.072625114210000    -0.000000000000000    -0.039785402800000
    -0.000000000000000     0.097360308980000    -0.000000000000000
    -0.039785402800000    -0.000000000000000    -0.072625114210000
   2  58
    -0.050675009330000     0.031669716760000    -0.031669716760000
     0.031669716760000     0.006349803900000    -0.001077847100000
    -0.031669716760000    -0.001077847100000     0.006349803900000
   2  59
     0.014234841830000    -0.000000000000000    -0.000000000000000
    -0.000000000000000     0.024727376190000    -0.000000000000000
    -0.000000000000000    -0.000000000000000     0.014234841830000
   2  60
     0.006349803900000     0.001077847100000    -0.031669716760000
     0.001077847100000     0.006349803900000    -0.031669716760000
    -0.031669716760000    -0.031669716760000    -0.050675009330000
   2  61
    -0.869131223840000    -0.649480505080000    -0.649480505080000
    -0.649480505080000    -0.869131223840000    -0.649480505080000
    -0.649480505080000    -0.649480505080000    -0.869131223840000
   2  62
    -0.633948895910000    -0.000000000000000    -0.000000000000000
    -0.000000000000000    -0.040260660770000    -0.000000000000000
    -0.000000000000000    -0.000000000000000    -0.040260660770000
   2  63
    -0.050675009330000     0.031669716760000     0.031669716760000
     0.031669716760000     0.006349803900000     0.001077847100000
     0.031669716760000     0.001077847100000     0.006349803900000
   2  64
     0.097360308980000    -0.000000000000000    -0.000000000000000
    -0.000000000000000    -0.072625114210000    -0.039785402800000
    -0.000000000000000    -0.039785402800000    -0.072625114210000
   3   1
     0.123444208800000    -0.061846084740000    -0.061846084740000
    -0.061846084740000     0.123444208800000     0.061846084740000
    -0.061846084740000     0.061846084740000     0.123444208800000
   3   2
    -0.869131223840000     0.649480505080000     0.649480505080000
     0.649480505080000    -0.869131223840000    -0.649480505080000
     0.649480505080000    -0.649480505080000    -0.869131223840000
   3   3
     8.320325643629999    -0.000000000000000    -0.000000000000000
    -0.000000000000000     8.320325643629999    -0.000000000000000
    -0.000000000000000    -0.000000000000000     8.320325643629999
   3   4
    -0.869131223840000     0.649480505080000     0.649480505080000
     0.649480505080000    -0.869131223840000    -0.649480505080000
     0.649480505080000    -0.649480505080000    -0.869131223840000
   3   5
     0.006349803900000    -0.001077847100000     0.031669716760000
    -0.001077847100000     0.006349803900000    -0.031669716760000
     0.031669716760000    -0.031669716760000    -0.050675009330000
   3   6
    -0.072625114210000     0.039785402800000    -0.000000000000000
     0.039785402800000    -0.072625114210000    -0.000000000000000
    -0.000000000000000    -0.000000000000000     0.097360308980000
   3   7
    -0.869131223840000     0.649480505080000    -0.649480505080000
     0.649480505080000    -0.869131223840000     0.649480505080000
    -0.649480505080000     0.649480505080000    -0.869131223840000
   3   8
    -0.040260660770000    -0.000000000000000    -0.000000000000000
    -0.000000000000000    -0.040260660770000    -0.000000000000000
    -0.000000000000000    -0.000000000000000    -0.633948895910000
   3   9
    -0.018825465230000    -0.000000000000000    -0.000000000000000
    -0.000000000000000    -0.018825465230000    -0.000000000000000
    -0.000000000000000    -0.000000000000000    -0.005495903270000
   3  10
     0.006349803900000    -0.001077847100000    -0.031669716760000
    -0.001077847100000     0.006349803900000     0.031669716760000
    -0.031669716760000     0.031669716760000    -0.050675009330000
   3  11
     0.123444208800000    -0.061846084740000     0.061846084740000
    -0.061846084740000     0.123444208800000    -0.061846084740000
     0.061846084740000    -0.061846084740000     0.123444208800000
   3  12
     0.006349803900000    -0.001077847100000    -0.031669716760000
    -0.001077847100000     0.006349803900000     0.031669716760000
    -0.031669716760000     0.031669716760000    -0.050675009330000
   3  13
     0.006349803900000    -0.001077847100000     0.031669716760000
    -0.001077847100000     0.006349803900000    -0.031669716760000
     0.031669716760000    -0.031669716760000    -0.050675009330000
   3  14
    -0.040260660770000    -0.000000000000000    -0.000000000000000
    -0.000000000000000    -0.040260660770000    -0.000000000000000
    -0.000000000000000    -0.000000000000000    -0.633948895910000
   3  15
    -0.869131223840000     0.649480505080000    -0.649480505080000
     0.649480505080000    -0.869131223840000     0.649480505080000
    -0.649480505080000     0.649480505080000    -0.869131223840000
   3  16
    -0.072625114210000     0.039785402800000    -0.000000000000000
     0.039785402800000    -0.072625114210000    -0.000000000000000
    -0.000000000000000    -0.000000000000000     0.097360308980000
   3  17
     0.006349803900000     0.031669716760000    -0.001077847100000
     0.031669716760000    -0.050675009330000    -0.031669716760000
    -0.001077847100000    -0.031669716760000     0.006349803900000
   3  18
    -0.072625114210000    -0.000000000000000     0.039785402800000
    -0.000000000000000     0.097360308980000    -0.000000000000000
     0.039785402800000    -0.000000000000000    -0.072625114210000
   3  19
    -0.869131223840000    -0.649480505080000     0.649480505080000
    -0.649480505080000    -0.869131223840000     0.649480505080000
     0.649480505080000     0.649480505080000    -0.869131223840000
   3  20
    -0.040260660770000    -0.000000000000000    -0.000000000000000
    -0.000000000000000    -0.633948895910000    -0.000000000000000
    -0.000000000000000    -0.000000000000000    -0.040260660770000
   3  21
     0.097360308980000    -0.000000000000000    -0.000000000000000
    -0.000000000000000    -0.072625114210000    -0.039785402800000
    -0.000000000000000    -0.039785402800000    -0.072625114210000
   3  22
    -0.050675009330000     0.031669716760000     0.031669716760000
     0.031669716760000     0.006349803900000     0.001077847100000
     0.031669716760000     0.001077847100000     0.006349803900000
   3  23
    -0.633948895910000    -0.000000000000000    -0.000000000000000
    -0.000000000000000    -0.040260660770000    -0.000000000000000
    -0.000000000000000    -0.000000000000000    -0.040260660770000
   3  24
    -0.869131223840000    -0.649480505080000    -0.649480505080000
    -0.649480505080000    -0.869131223840000    -0.649480505080000
    -0.649480505080000    -0.649480505080000    -0.869131223840000
   3  25
     0.006349803900000     0.001077847100000    -0.031669716760000
     0.001077847100000     0.006349803900000    -0.031669716760000
    -0.031669716760000    -0.031669716760000    -0.050675009330000
   3  26
     0.014234841830000    -0.000000000000000    -0.000000000000000
    -0.000000000000000     0.024727376190000    -0.000000000000000
    -0.000000000000000    -0.000000000000000     0.014234841830000
   3  27
    -0.050675009330000     0.031669716760000    -0.031669716760000
     0.031669716760000     0.006349803900000    -0.001077847100000
    -0.031669716760000    -0.001077847100000     0.006349803900000
   3  28
    -0.072625114210000    -0.000000000000000    -0.039785402800000
    -0.000000000000000     0.097360308980000    -0.000000000000000
    -0.039785402800000    -0.000000000000000    -0.072625114210000
   3  29
     0.024727376190000    -0.000000000000000    -0.000000000000000
    -0.000000000000000     0.014234841830000    -0.000000000000000
    -0.000000000000000    -0.000000000000000     0.014234841830000
   3  30
     0.006349803900000     0.001077847100000     0.031669716760000
     0.001077847100000     0.006349803900000     0.031669716760000
     0.031669716760000     0.031669716760000    -0.050675009330000
   3  31
     0.097360308980000    -0.000000000000000    -0.000000000000000
    -0.000000000000000    -0.072625114210000     0.039785402800000
    -0.000000000000000     0.039785402800000    -0.072625114210000
   3  32
     0.006349803900000     0.031669716760000     0.001077847100000
     0.031669716760000    -0.050675009330000     0.031669716760000
     0.001077847100000     0.031669716760000     0.006349803900000
   3  33
    -0.018825465230000    -0.000000000000000    -0.000000000000000
    -0.000000000000000    -0.005495903270000    -0.000000000000000
    -0.000000000000000    -0.000000000000000    -0.018825465230000
   3  34
     0.006349803900000    -0.031669716760000    -0.001077847100000
    -0.031669716760000    -0.050675009330000     0.031669716760000
    -0.001077847100000     0.031669716760000     0.006349803900000
   3  35
     0.123444208800000     0.061846084740000    -0.061846084740000
     0.061846084740000     0.123444208800000    -0.061846084740000
    -0.061846084740000    -0.061846084740000     0.123444208800000
   3  36
     0.006349803900000    -0.031669716760000    -0.001077847100000
    -0.031669716760000    -0.050675009330000     0.031669716760000
    -0.001077847100000     0.031669716760000     0.006349803900000
   3  37
     0.006349803900000    -0.031669716760000     0.001077847100000
    -0.031669716760000    -0.050675009330000    -0.031669716760000
     0.001077847100000    -0.031669716760000     0.006349803900000
   3  38
     0.014234841830000    -0.000000000000000    -0.000000000000000
    -0.000000000000000     0.014234841830000    -0.000000000000000
    -0.000000000000000    -0.000000000000000     0.024727376190000
   3  39
    -0.050675009330000    -0.031669716760000     0.031669716760000
    -0.031669716760000     0.006349803900000    -0.001077847100000
     0.031669716760000    -0.001077847100000     0.006349803900000
   3  40
    -0.072625114210000    -0.039785402800000    -0.000000000000000
    -0.039785402800000    -0.072625114210000    -0.000000000000000
    -0.000000000000000    -0.000000000000000     0.097360308980000
   3  41
     0.123444208800000     0.061846084740000     0.061846084740000
     0.061846084740000     0.123444208800000     0.061846084740000
     0.061846084740000     0.061846084740000     0.123444208800000
   3  42
    -0.050675009330000    -0.031669716760000    -0.031669716760000
    -0.031669716760000     0.006349803900000     0.001077847100000
    -0.031669716760000     0.001077847100000     0.006349803900000
   3  43
    -0.005495903270000    -0.000000000000000    -0.000000000000000
    -0.000000000000000    -0.018825465230000    -0.000000000000000
    -0.000000000000000    -0.000000000000000    -0.018825465230000
   3  44
    -0.050675009330000    -0.031669716760000    -0.031669716760000
    -0.031669716760000     0.006349803900000     0.001077847100000
    -0.031669716760000     0.001077847100000     0.006349803900000
   3  45
     0.006349803900000    -0.031669716760000     0.001077847100000
    -0.031669716760000    -0.050675009330000    -0.031669716760000
     0.001077847100000    -0.031669716760000     0.006349803900000
   3  46
    -0.072625114210000    -0.039785402800000    -0.000000000000000
    -0.039785402800000    -0.072625114210000    -0.000000000000000
    -0.000000000000000    -0.000000000000000     0.097360308980000
   3  47
    -0.050675009330000    -0.031669716760000     0.031669716760000
    -0.031669716760000     0.006349803900000    -0.001077847100000
     0.031669716760000    -0.001077847100000     0.006349803900000
   3  48
     0.014234841830000    -0.000000000000000    -0.000000000000000
    -0.000000000000000     0.014234841830000    -0.000000000000000
    -0.000000000000000    -0.000000000000000     0.024727376190000
   3  49
     0.006349803900000     0.031669716760000    -0.001077847100000
     0.031669716760000    -0.050675009330000    -0.031669716760000
    -0.001077847100000    -0.031669716760000     0.006349803900000
   3  50
    -0.040260660770000    -0.000000000000000    -0.000000000000000
    -0.000000000000000    -0.633948895910000    -0.000000000000000
    -0.000000000000000    -0.000000000000000    -0.040260660770000
   3  51
    -0.869131223840000    -0.649480505080000     0.649480505080000
    -0.649480505080000    -0.869131223840000     0.649480505080000
     0.649480505080000     0.649480505080000    -0.869131223840000
   3  52
    -0.072625114210000    -0.000000000000000     0.039785402800000
    -0.000000000000000     0.097360308980000    -0.000000000000000
     0.039785402800000    -0.000000000000000    -0.072625114210000
   3  53
     0.024727376190000    -0.000000000000000    -0.000000000000000
    -0.000000000000000     0.014234841830000    -0.000000000000000
    -0.000000000000000    -0.000000000000000     0.014234841830000
   3  54
     0.006349803900000     0.031669716760000     0.001077847100000
     0.031669716760000    -0.050675009330000     0.031669716760000
     0.001077847100000     0.031669716760000     0.006349803900000
   3  55
     0.097360308980000    -0.000000000000000    -0.000000000000000
    -0.000000000000000    -0.072625114210000     0.039785402800000
    -0.000000000000000     0.039785402800000    -0.072625114210000
   3  56
     0.006349803900000     0.001077847100000     0.031669716760000
     0.001077847100000     0.006349803900000     0.031669716760000
     0.031669716760000     0.031669716760000    -0.050675009330000
   3  57
     0.006349803900000     0.001077847100000    -0.031669716760000
     0.001077847100000     0.006349803900000    -0.031669716760000
    -0.031669716760000    -0.031669716760000    -0.050675009330000
   3  58
    -0.072625114210000    -0.000000000000000    -0.039785402800000
    -0.000000000000000     0.097360308980000    -0.000000000000000
    -0.039785402800000    -0.000000000000000    -0.072625114210000
   3  59
    -0.050675009330000     0.031669716760000    -0.031669716760000
     0.031669716760000     0.006349803900000    -0.001077847100000
    -0.031669716760000    -0.001077847100000     0.006349803900000
   3  60
     0.014234841830000    -0.000000000000000    -0.000000000000000
    -0.000000000000000     0.024727376190000    -0.000000000000000
    -0.000000000000000    -0.000000000000000     0.014234841830000
   3  61
     0.097360308980000    -0.000000000000000    -0.000000000000000
    -0.000000000000000    -0.072625114210000    -0.039785402800000
    -0.000000000000000    -0.039785402800000    -0.072625114210000
   3  62
    -0.869131223840000    -0.649480505080000    -0.649480505080000
    -0.649480505080000    -0.869131223840000    -0.649480505080000
    -0.649480505080000    -0.649480505080000    -0.869131223840000
   3  63
    -0.633948895910000    -0.000000000000000    -0.000000000000000
